 longitude      latitude      elevation    fog
  -82.8751678         35.7603569         0.00000000                 0
  -82.8699341         35.7601547         0.00000000                 0
  -82.8630600         35.7600288         0.00000000                 0
  -82.8587952         35.7600250         0.00000000                 0
  -82.8530426         35.7602768         0.00000000                 0
  -82.8736267         35.7650719         0.00000000                 0
  -82.8686371         35.7645950         0.00000000                 0
  -82.8638306         35.7651711         0.00000000                 0
  -82.8586807         35.7658997         0.00000000                 0
  -82.8529892         35.7658615         0.00000000                 0
  -82.8747101         35.7692451         0.00000000                 0
  -82.8685150         35.7695847         0.00000000                 0
  -82.8645554         35.7691116         0.00000000                 0
  -82.8595047         35.7698708         0.00000000                 0
  -82.8536377         35.7700386         0.00000000                 0
  -82.8743286         35.7737045         0.00000000                 0
  -82.8692093         35.7737656         0.00000000                 0
  -82.8642960         35.7726135         0.00000000                 0
  -82.8594513         35.7733154         0.00000000                 0
  -82.8532028         35.7746696         0.00000000                 0
  -82.8689728         35.7781258         0.00000000                 0
  -82.8641663         35.7773056         0.00000000                 0
  -82.8577042         35.7780876         0.00000000                 0
  -82.8538437         35.7778740         0.00000000                 0
  -82.8734131         35.7609787         0.00000000                 0
  -82.8689728         35.7607841         0.00000000                 0
  -82.8626404         35.7609138         0.00000000                 0
  -82.8585510         35.7606010         0.00000000                 0
  -82.8525391         35.7598686         0.00000000                 0
  -82.8737564         35.7646942         0.00000000                 0
  -82.8693314         35.7650757         0.00000000                 0
  -82.8645248         35.7661629         0.00000000                 0
  -82.8597717         35.7657356         0.00000000                 0
  -82.8531036         35.7649879         0.00000000                 0
  -82.8757095         35.7693367         0.00000000                 0
  -82.8698730         35.7693214         0.00000000                 0
  -82.8638382         35.7696266         0.00000000                 0
  -82.8582077         35.7692108         0.00000000                 0
  -82.8536911         35.7695923         0.00000000                 0
  -82.8746948         35.7745667         0.00000000                 0
  -82.8707428         35.7736282         0.00000000                 0
  -82.8628922         35.7739677         0.00000000                 0
  -82.8541107         35.7731667         0.00000000                 0
  -82.8757095         35.7781448         0.00000000                 0
  -82.8695068         35.7778549         0.00000000                 0
  -82.8641281         35.7779160         0.00000000                 0
  -82.8588257         35.7788467         0.00000000                 0
  -82.8532867         35.7780457         0.00000000                 0
  -82.8759995         35.7609596         0.00000000                 0
  -82.8702087         35.7613945         0.00000000                 0
  -82.8650513         35.7607079         0.00000000                 0
  -82.8580551         35.7606926         0.00000000                 0
  -82.8522263         35.7610092         0.00000000                 0
  -82.8739243         35.7657280         0.00000000                 0
  -82.8697891         35.7653580         0.00000000                 0
  -82.8635559         35.7654152         0.00000000                 0
  -82.8585663         35.7653008         0.00000000                 0
  -82.8529129         35.7652931         0.00000000                 0
  -82.8753891         35.7693634         0.00000000                 0
  -82.8680496         35.7696114         0.00000000                 0
  -82.8652267         35.7691231         0.00000000                 0
  -82.8583298         35.7702904         0.00000000                 0
  -82.8522491         35.7691383         0.00000000                 0
  -82.8697357         35.7739983         0.00000000                 0
  -82.8648071         35.7734528         0.00000000                 0
  -82.8591690         35.7741356         0.00000000                 0
  -82.8537521         35.7737770         0.00000000                 0
  -82.8761902         35.7778625         0.00000000                 0
  -82.8691025         35.7780304         0.00000000                 0
  -82.8634338         35.7778816         0.00000000                 0
  -82.8575363         35.7784271         0.00000000                 0
  -82.8532791         35.7784309         0.00000000                 0
  -82.8752136         35.7607460         0.00000000                 0
  -82.8696060         35.7607956         0.00000000                 0
  -82.8639755         35.7609444         0.00000000                 0
  -82.8585434         35.7605972         0.00000000                 0
  -82.8524246         35.7610664         0.00000000                 0
  -82.8745728         35.7645378         0.00000000                 0
  -82.8685989         35.7653275         0.00000000                 0
  -82.8628311         35.7657509         0.00000000                 0
  -82.8559189         35.7656441         0.00000000                 0
  -82.8737488         35.7699699         0.00000000                 0
  -82.8694534         35.7687454         0.00000000                 0
  -82.8647614         35.7694931         0.00000000                 0
  -82.8587570         35.7700729         0.00000000                 0
  -82.8554611         35.7689896         0.00000000                 0
  -82.8745651         35.7739067         0.00000000                 0
  -82.8695145         35.7728348         0.00000000                 0
  -82.8593826         35.7743874         0.00000000                 0
  -82.8531189         35.7742882         0.00000000                 0
  -82.8740921         35.7780418         0.00000000                 0
  -82.8641968         35.7793007         0.00000000                 0
  -82.8591537         35.7775497         0.00000000                 0
  -82.8539047         35.7793808         0.00000000                 0
  -82.8740845         35.7611847         0.00000000                 0
  -82.8694916         35.7602272         0.00000000                 0
  -82.8647156         35.7607536         0.00000000                 0
  -82.8580246         35.7609940         0.00000000                 0
  -82.8539886         35.7614326         0.00000000                 0
  -82.8729019         35.7656212         0.00000000                 0
  -82.8689651         35.7662010         0.00000000                 0
  -82.8633118         35.7652893         0.00000000                 0
  -82.8588409         35.7648430         0.00000000                 0
  -82.8539658         35.7642822         0.00000000                 0
  -82.8743362         35.7697144         0.00000000                 0
  -82.8709869         35.7695541         0.00000000                 0
  -82.8630142         35.7693100         0.00000000                 0
  -82.8597336         35.7693405         0.00000000                 0
  -82.8544540         35.7693977         0.00000000                 0
  -82.8746490         35.7741051         0.00000000                 0
  -82.8702393         35.7742157         0.00000000                 0
  -82.8649139         35.7742386         0.00000000                 0
  -82.8591385         35.7745552         0.00000000                 0
  -82.8539200         35.7747955         0.00000000                 0
  -82.8703156         35.7781868         0.00000000                 0
  -82.8640747         35.7780952         0.00000000                 0
  -82.8587952         35.7783470         0.00000000                 0
  -82.8531952         35.7784805         0.00000000                 0
  -82.8755569         35.7615738         0.00000000                 0
  -82.8690567         35.7602921         0.00000000                 0
  -82.8649063         35.7602997         0.00000000                 0
  -82.8583984         35.7610359         0.00000000                 0
  -82.8535995         35.7610321         0.00000000                 0
  -82.8748245         35.7655258         0.00000000                 0
  -82.8683090         35.7653236         0.00000000                 0
  -82.8646698         35.7649803         0.00000000                 0
  -82.8582764         35.7653503         0.00000000                 0
  -82.8527222         35.7663116         0.00000000                 0
  -82.8753967         35.7691917         0.00000000                 0
  -82.8700333         35.7690887         0.00000000                 0
  -82.8592911         35.7697525         0.00000000                 0
  -82.8535614         35.7692223         0.00000000                 0
  -82.8744125         35.7739525         0.00000000                 0
  -82.8656387         35.7748413         0.00000000                 0
  -82.8583603         35.7744293         0.00000000                 0
  -82.8529816         35.7738037         0.00000000                 0
  -82.8761215         35.7777214         0.00000000                 0
  -82.8706131         35.7782402         0.00000000                 0
  -82.8652802         35.7782555         0.00000000                 0
  -82.8584671         35.7780914         0.00000000                 0
  -82.8526306         35.7786980         0.00000000                 0
  -82.8731537         35.7608223         0.00000000                 0
  -82.8677750         35.7602997         0.00000000                 0
  -82.8634033         35.7612686         0.00000000                 0
  -82.8586578         35.7612038         0.00000000                 0
  -82.8536301         35.7616806         0.00000000                 0
  -82.8735275         35.7653236         0.00000000                 0
  -82.8696213         35.7647018         0.00000000                 0
  -82.8634796         35.7669525         0.00000000                 0
  -82.8565903         35.7659340         0.00000000                 0
  -82.8539581         35.7658348         0.00000000                 0
  -82.8744431         35.7695961         0.00000000                 0
  -82.8695145         35.7705727         0.00000000                 0
  -82.8653870         35.7691612         0.00000000                 0
  -82.8587570         35.7697487         0.00000000                 0
  -82.8535538         35.7702866         0.00000000                 0
  -82.8734741         35.7741776         0.00000000                 0
  -82.8690414         35.7738647         0.00000000                 0
  -82.8631668         35.7734909         0.00000000                 0
  -82.8586807         35.7736816         0.00000000                 0
  -82.8742371         35.7784081         0.00000000                 0
  -82.8687210         35.7801132         0.00000000                 0
  -82.8644028         35.7785034         0.00000000                 0
  -82.8592529         35.7786102         0.00000000                 0
  -82.8748398         35.7608910         0.00000000                 0
  -82.8685913         35.7616425         0.00000000                 0
  -82.8639984         35.7609634         0.00000000                 0
  -82.8590622         35.7609558         0.00000000                 0
  -82.8535614         35.7612686         0.00000000                 0
  -82.8745499         35.7651100         0.00000000                 0
  -82.8697433         35.7642174         0.00000000                 0
  -82.8634796         35.7653160         0.00000000                 0
  -82.8582230         35.7650948         0.00000000                 0
  -82.8519058         35.7662239         0.00000000                 0
  -82.8740845         35.7695236         0.00000000                 0
  -82.8714142         35.7698555         0.00000000                 0
  -82.8634186         35.7689209         0.00000000                 0
  -82.8589935         35.7699127         0.00000000                 0
  -82.8527069         35.7694511         0.00000000                 0
  -82.8747253         35.7730064         0.00000000                 0
  -82.8692932         35.7752953         0.00000000                 0
  -82.8632889         35.7739983         0.00000000                 0
  -82.8579865         35.7744331         0.00000000                 0
  -82.8539429         35.7739983         0.00000000                 0
  -82.8750153         35.7784271         0.00000000                 0
  -82.8688126         35.7787628         0.00000000                 0
  -82.8633728         35.7792625         0.00000000                 0
  -82.8583908         35.7787247         0.00000000                 0
  -82.8535004         35.7790337         0.00000000                 0
  -82.8726654         35.7610664         0.00000000                 0
  -82.8677216         35.7624130         0.00000000                 0
  -82.8635712         35.7614517         0.00000000                 0
  -82.8584213         35.7607117         0.00000000                 0
  -82.8536148         35.7621574         0.00000000                 0
  -82.8737106         35.7656975         0.00000000                 0
  -82.8692856         35.7656136         0.00000000                 0
  -82.8643646         35.7647247         0.00000000                 0
  -82.8581924         35.7658730         0.00000000                 0
  -82.8534698         35.7656937         0.00000000                 0
  -82.8751450         35.7698975         0.00000000                 0
  -82.8688049         35.7714081         0.00000000                 0
  -82.8645554         35.7702179         0.00000000                 0
  -82.8593826         35.7696953         0.00000000                 0
  -82.8528519         35.7708397         0.00000000                 0
  -82.8747177         35.7732773         0.00000000                 0
  -82.8693924         35.7731285         0.00000000                 0
  -82.8650970         35.7745209         0.00000000                 0
  -82.8581848         35.7745705         0.00000000                 0
  -82.8523788         35.7742691         0.00000000                 0
  -82.8747101         35.7785530         0.00000000                 0
  -82.8688812         35.7780914         0.00000000                 0
  -82.8643570         35.7786293         0.00000000                 0
  -82.8587189         35.7786674         0.00000000                 0
  -82.8539047         35.7781296         0.00000000                 0
  -82.8739471         35.7610130         0.00000000                 0
  -82.8680725         35.7614441         0.00000000                 0
  -82.8644409         35.7613907         0.00000000                 0
  -82.8585434         35.7610283         0.00000000                 0
  -82.8536682         35.7619476         0.00000000                 0
  -82.8750305         35.7659683         0.00000000                 0
  -82.8705139         35.7653999         0.00000000                 0
  -82.8646393         35.7653503         0.00000000                 0
  -82.8579330         35.7653427         0.00000000                 0
  -82.8523026         35.7664108         0.00000000                 0
  -82.8748474         35.7693520         0.00000000                 0
  -82.8704758         35.7708359         0.00000000                 0
  -82.8642044         35.7696609         0.00000000                 0
  -82.8576202         35.7696838         0.00000000                 0
  -82.8536606         35.7703133         0.00000000                 0
  -82.8742676         35.7738037         0.00000000                 0
  -82.8689423         35.7739983         0.00000000                 0
  -82.8640747         35.7740517         0.00000000                 0
  -82.8587112         35.7740860         0.00000000                 0
  -82.8533630         35.7746658         0.00000000                 0
  -82.8749771         35.7794609         0.00000000                 0
  -82.8694992         35.7792320         0.00000000                 0
  -82.8635864         35.7785530         0.00000000                 0
  -82.8588638         35.7789879         0.00000000                 0
  -82.8526535         35.7784767         0.00000000                 0
  -82.8736420         35.7614136         0.00000000                 0
  -82.8689346         35.7620392         0.00000000                 0
  -82.8636932         35.7608070         0.00000000                 0
  -82.8522263         35.7608032         0.00000000                 0
  -82.8739777         35.7654724         0.00000000                 0
  -82.8696823         35.7656975         0.00000000                 0
  -82.8639984         35.7667084         0.00000000                 0
  -82.8591309         35.7658882         0.00000000                 0
  -82.8528061         35.7656898         0.00000000                 0
  -82.8739929         35.7698441         0.00000000                 0
  -82.8690109         35.7690964         0.00000000                 0
  -82.8632660         35.7696419         0.00000000                 0
  -82.8597794         35.7696571         0.00000000                 0
  -82.8524551         35.7704620         0.00000000                 0
  -82.8737259         35.7742958         0.00000000                 0
  -82.8692017         35.7744446         0.00000000                 0
  -82.8652115         35.7731133         0.00000000                 0
  -82.8589630         35.7744942         0.00000000                 0
  -82.8535385         35.7745705         0.00000000                 0
  -82.8752594         35.7782402         0.00000000                 0
  -82.8701935         35.7787170         0.00000000                 0
  -82.8636627         35.7792892         0.00000000                 0
  -82.8579636         35.7792397         0.00000000                 0
  -82.8535309         35.7788963         0.00000000                 0
  -82.8737411         35.7600517         0.00000000                 0
  -82.8680496         35.7612000         0.00000000                 0
  -82.8630829         35.7610397         0.00000000                 0
  -82.8589249         35.7606049         0.00000000                 0
  -82.8516998         35.7620277         0.00000000                 0
  -82.8740997         35.7646561         0.00000000                 0
  -82.8694687         35.7657738         0.00000000                 0
  -82.8640518         35.7640457         0.00000000                 0
  -82.8589630         35.7653008         0.00000000                 0
  -82.8527222         35.7662392         0.00000000                 0
  -82.8741608         35.7691040         0.00000000                 0
  -82.8694153         35.7691765         0.00000000                 0
  -82.8645782         35.7702332         0.00000000                 0
  -82.8586502         35.7699852         0.00000000                 0
  -82.8523560         35.7694054         0.00000000                 0
  -82.8745880         35.7738876         0.00000000                 0
  -82.8688736         35.7746239         0.00000000                 0
  -82.8632126         35.7752686         0.00000000                 0
  -82.8583832         35.7752533         0.00000000                 0
  -82.8536072         35.7743988         0.00000000                 0
  -82.8694611         35.7781639         0.00000000                 0
  -82.8640518         35.7791977         0.00000000                 0
  -82.8579865         35.7774200         0.00000000                 0
  -82.8542252         35.7789497         0.00000000                 0
  -82.8738098         35.7608185         0.00000000                 0
  -82.8679123         35.7615356         0.00000000                 0
  -82.8627090         35.7614975         0.00000000                 0
  -82.8586655         35.7620277         0.00000000                 0
  -82.8532562         35.7608337         0.00000000                 0
  -82.8744202         35.7648163         0.00000000                 0
  -82.8686447         35.7666092         0.00000000                 0
  -82.8642654         35.7661018         0.00000000                 0
  -82.8575974         35.7657776         0.00000000                 0
  -82.8536453         35.7661629         0.00000000                 0
  -82.8746262         35.7698555         0.00000000                 0
  -82.8699036         35.7694817         0.00000000                 0
  -82.8642654         35.7699471         0.00000000                 0
  -82.8587341         35.7695656         0.00000000                 0
  -82.8749771         35.7743454         0.00000000                 0
  -82.8686905         35.7744637         0.00000000                 0
  -82.8638000         35.7739525         0.00000000                 0
  -82.8582077         35.7742081         0.00000000                 0
  -82.8537979         35.7745438         0.00000000                 0
  -82.8691864         35.7782860         0.00000000                 0
  -82.8589478         35.7787819         0.00000000                 0
  -82.8538818         35.7790298         0.00000000                 0
  -82.8738556         35.7605324         0.00000000                 0
  -82.8693390         35.7607422         0.00000000                 0
  -82.8644104         35.7615089         0.00000000                 0
  -82.8586426         35.7607346         0.00000000                 0
  -82.8538437         35.7612839         0.00000000                 0
  -82.8745880         35.7659950         0.00000000                 0
  -82.8691254         35.7648277         0.00000000                 0
  -82.8640823         35.7655602         0.00000000                 0
  -82.8587036         35.7666359         0.00000000                 0
  -82.8536224         35.7661285         0.00000000                 0
  -82.8745499         35.7702789         0.00000000                 0
  -82.8692932         35.7696800         0.00000000                 0
  -82.8633423         35.7710533         0.00000000                 0
  -82.8577118         35.7706032         0.00000000                 0
  -82.8529434         35.7708855         0.00000000                 0
  -82.8750534         35.7742767         0.00000000                 0
  -82.8684235         35.7740173         0.00000000                 0
  -82.8637772         35.7738609         0.00000000                 0
  -82.8588028         35.7746010         0.00000000                 0
  -82.8529510         35.7741776         0.00000000                 0
  -82.8750153         35.7788429         0.00000000                 0
  -82.8684387         35.7789383         0.00000000                 0
  -82.8638611         35.7795830         0.00000000                 0
  -82.8585587         35.7787399         0.00000000                 0
  -82.8526611         35.7793655         0.00000000                 0
  -82.8745193         35.7612267         0.00000000                 0
  -82.8702393         35.7612610         0.00000000                 0
  -82.8629913         35.7617874         0.00000000                 0
  -82.8581619         35.7612648         0.00000000                 0
  -82.8532867         35.7614174         0.00000000                 0
  -82.8733978         35.7658539         0.00000000                 0
  -82.8691025         35.7655754         0.00000000                 0
  -82.8643341         35.7651901         0.00000000                 0
  -82.8576050         35.7663307         0.00000000                 0
  -82.8541260         35.7661896         0.00000000                 0
  -82.8754730         35.7703857         0.00000000                 0
  -82.8686676         35.7697830         0.00000000                 0
  -82.8636322         35.7697754         0.00000000                 0
  -82.8587494         35.7714691         0.00000000                 0
  -82.8534393         35.7699089         0.00000000                 0
  -82.8743820         35.7733154         0.00000000                 0
  -82.8682022         35.7745628         0.00000000                 0
  -82.8640289         35.7733421         0.00000000                 0
  -82.8580551         35.7739372         0.00000000                 0
  -82.8537445         35.7739601         0.00000000                 0
  -82.8750839         35.7789268         0.00000000                 0
  -82.8686523         35.7788010         0.00000000                 0
  -82.8639526         35.7784996         0.00000000                 0
  -82.8594208         35.7787399         0.00000000                 0
  -82.8532944         35.7782478         0.00000000                 0
  -82.8745270         35.7618141         0.00000000                 0
  -82.8685684         35.7618713         0.00000000                 0
  -82.8643417         35.7611961         0.00000000                 0
  -82.8580780         35.7613335         0.00000000                 0
  -82.8526382         35.7623062         0.00000000                 0
  -82.8738556         35.7660141         0.00000000                 0
  -82.8698349         35.7661438         0.00000000                 0
  -82.8631897         35.7656631         0.00000000                 0
  -82.8580627         35.7663536         0.00000000                 0
  -82.8534851         35.7664261         0.00000000                 0
  -82.8748474         35.7697639         0.00000000                 0
  -82.8690491         35.7696457         0.00000000                 0
  -82.8638611         35.7701683         0.00000000                 0
  -82.8594513         35.7700653         0.00000000                 0
  -82.8521729         35.7703972         0.00000000                 0
  -82.8741837         35.7740288         0.00000000                 0
  -82.8696899         35.7738609         0.00000000                 0
  -82.8638229         35.7738609         0.00000000                 0
  -82.8585892         35.7739716         0.00000000                 0
  -82.8531647         35.7751160         0.00000000                 0
  -82.8748245         35.7790337         0.00000000                 0
  -82.8696060         35.7792740         0.00000000                 0
  -82.8635635         35.7797012         0.00000000                 0
  -82.8584595         35.7787895         0.00000000                 0
  -82.8535538         35.7796364         0.00000000                 0
  -82.8745193         35.7606506         0.00000000                 0
  -82.8691711         35.7610474         0.00000000                 0
  -82.8641129         35.7618294         0.00000000                 0
  -82.8584824         35.7611618         0.00000000                 0
  -82.8530807         35.7615852         0.00000000                 0
  -82.8742142         35.7663078         0.00000000                 0
  -82.8684998         35.7650452         0.00000000                 0
  -82.8632355         35.7652512         0.00000000                 0
  -82.8584366         35.7659836         0.00000000                 0
  -82.8543320         35.7664757         0.00000000                 0
  -82.8739548         35.7704391         0.00000000                 0
  -82.8690872         35.7708549         0.00000000                 0
  -82.8632507         35.7698822         0.00000000                 0
  -82.8583984         35.7716331         0.00000000                 0
  -82.8529129         35.7699928         0.00000000                 0
  -82.8738251         35.7745171         0.00000000                 0
  -82.8693848         35.7749481         0.00000000                 0
  -82.8636703         35.7751617         0.00000000                 0
  -82.8587875         35.7747993         0.00000000                 0
  -82.8524170         35.7746773         0.00000000                 0
  -82.8745575         35.7780266         0.00000000                 0
  -82.8706284         35.7785835         0.00000000                 0
  -82.8633804         35.7777481         0.00000000                 0
  -82.8584747         35.7790642         0.00000000                 0
  -82.8534775         35.7790260         0.00000000                 0
  -82.8744507         35.7609100         0.00000000                 0
  -82.8680954         35.7627373         0.00000000                 0
  -82.8637848         35.7617531         0.00000000                 0
  -82.8581161         35.7614861         0.00000000                 0
  -82.8529053         35.7627754         0.00000000                 0
  -82.8745270         35.7662735         0.00000000                 0
  -82.8687363         35.7663536         0.00000000                 0
  -82.8628769         35.7655182         0.00000000                 0
  -82.8578568         35.7660789         0.00000000                 0
  -82.8524475         35.7659874         0.00000000                 0
  -82.8742218         35.7715874         0.00000000                 0
  -82.8689880         35.7700043         0.00000000                 0
  -82.8637085         35.7711830         0.00000000                 0
  -82.8581390         35.7709808         0.00000000                 0
  -82.8533630         35.7706718         0.00000000                 0
  -82.8745193         35.7741737         0.00000000                 0
  -82.8691635         35.7750740         0.00000000                 0
  -82.8630676         35.7750359         0.00000000                 0
  -82.8587265         35.7752762         0.00000000                 0
  -82.8516388         35.7753296         0.00000000                 0
  -82.8740158         35.7787819         0.00000000                 0
  -82.8695145         35.7793350         0.00000000                 0
  -82.8644257         35.7796860         0.00000000                 0
  -82.8594513         35.7782936         0.00000000                 0
  -82.8532791         35.7788162         0.00000000                 0
  -82.8738708         35.7617035         0.00000000                 0
  -82.8695068         35.7612114         0.00000000                 0
  -82.8635025         35.7628098         0.00000000                 0
  -82.8575363         35.7620163         0.00000000                 0
  -82.8521881         35.7620392         0.00000000                 0
  -82.8741837         35.7658844         0.00000000                 0
  -82.8686829         35.7662163         0.00000000                 0
  -82.8633881         35.7661629         0.00000000                 0
  -82.8582458         35.7672920         0.00000000                 0
  -82.8528519         35.7662544         0.00000000                 0
  -82.8745499         35.7706757         0.00000000                 0
  -82.8687897         35.7704620         0.00000000                 0
  -82.8633041         35.7712212         0.00000000                 0
  -82.8588638         35.7702713         0.00000000                 0
  -82.8533554         35.7709084         0.00000000                 0
  -82.8742676         35.7744560         0.00000000                 0
  -82.8690872         35.7746086         0.00000000                 0
  -82.8637924         35.7748947         0.00000000                 0
  -82.8579712         35.7747688         0.00000000                 0
  -82.8540344         35.7748795         0.00000000                 0
  -82.8742752         35.7786369         0.00000000                 0
  -82.8687897         35.7786217         0.00000000                 0
  -82.8634567         35.7791481         0.00000000                 0
  -82.8585434         35.7788315         0.00000000                 0
  -82.8546066         35.7795677         0.00000000                 0
  -82.8731918         35.7616997         0.00000000                 0
  -82.8695831         35.7622375         0.00000000                 0
  -82.8637009         35.7626343         0.00000000                 0
  -82.8572235         35.7621498         0.00000000                 0
  -82.8526688         35.7624397         0.00000000                 0
  -82.8742142         35.7665405         0.00000000                 0
  -82.8693161         35.7661781         0.00000000                 0
  -82.8640900         35.7652359         0.00000000                 0
  -82.8592224         35.7662125         0.00000000                 0
  -82.8527374         35.7665710         0.00000000                 0
  -82.8733749         35.7701530         0.00000000                 0
  -82.8688660         35.7713165         0.00000000                 0
  -82.8641357         35.7716026         0.00000000                 0
  -82.8575211         35.7708740         0.00000000                 0
  -82.8533783         35.7706566         0.00000000                 0
  -82.8746796         35.7744179         0.00000000                 0
  -82.8690491         35.7753487         0.00000000                 0
  -82.8631287         35.7751846         0.00000000                 0
  -82.8583221         35.7748451         0.00000000                 0
  -82.8534470         35.7746544         0.00000000                 0
  -82.8749924         35.7793694         0.00000000                 0
  -82.8683395         35.7789230         0.00000000                 0
  -82.8639908         35.7796059         0.00000000                 0
  -82.8579254         35.7796555         0.00000000                 0
  -82.8530884         35.7794685         0.00000000                 0
  -82.8735046         35.7617722         0.00000000                 0
  -82.8688736         35.7619057         0.00000000                 0
  -82.8625183         35.7619438         0.00000000                 0
  -82.8584824         35.7618523         0.00000000                 0
  -82.8514023         35.7622871         0.00000000                 0
  -82.8740768         35.7659340         0.00000000                 0
  -82.8697052         35.7662086         0.00000000                 0
  -82.8635406         35.7659874         0.00000000                 0
  -82.8580322         35.7668228         0.00000000                 0
  -82.8530731         35.7666130         0.00000000                 0
  -82.8745117         35.7710800         0.00000000                 0
  -82.8692169         35.7705727         0.00000000                 0
  -82.8633270         35.7710304         0.00000000                 0
  -82.8582916         35.7700424         0.00000000                 0
  -82.8531113         35.7713890         0.00000000                 0
  -82.8747559         35.7747002         0.00000000                 0
  -82.8696289         35.7750092         0.00000000                 0
  -82.8633270         35.7747040         0.00000000                 0
  -82.8574448         35.7749596         0.00000000                 0
  -82.8537521         35.7746849         0.00000000                 0
  -82.8741379         35.7792358         0.00000000                 0
  -82.8692322         35.7791443         0.00000000                 0
  -82.8647232         35.7793350         0.00000000                 0
  -82.8581009         35.7795486         0.00000000                 0
  -82.8541412         35.7789230         0.00000000                 0
  -82.8737411         35.7616463         0.00000000                 0
  -82.8689117         35.7618179         0.00000000                 0
  -82.8636246         35.7619019         0.00000000                 0
  -82.8570709         35.7629318         0.00000000                 0
  -82.8527908         35.7623520         0.00000000                 0
  -82.8740158         35.7656975         0.00000000                 0
  -82.8693237         35.7664948         0.00000000                 0
  -82.8637848         35.7659798         0.00000000                 0
  -82.8580933         35.7664413         0.00000000                 0
  -82.8536301         35.7667694         0.00000000                 0
  -82.8739319         35.7701225         0.00000000                 0
  -82.8685837         35.7703629         0.00000000                 0
  -82.8632965         35.7701149         0.00000000                 0
  -82.8589706         35.7717628         0.00000000                 0
  -82.8533173         35.7702560         0.00000000                 0
  -82.8747253         35.7744331         0.00000000                 0
  -82.8688660         35.7747040         0.00000000                 0
  -82.8643951         35.7743568         0.00000000                 0
  -82.8582306         35.7748985         0.00000000                 0
  -82.8742218         35.7793846         0.00000000                 0
  -82.8689880         35.7797127         0.00000000                 0
  -82.8634796         35.7795792         0.00000000                 0
  -82.8588333         35.7795525         0.00000000                 0
  -82.8537216         35.7796059         0.00000000                 0
  -82.8744965         35.7619438         0.00000000                 0
  -82.8684158         35.7624016         0.00000000                 0
  -82.8623886         35.7624016         0.00000000                 0
  -82.8529282         35.7623215         0.00000000                 0
  -82.8744354         35.7657204         0.00000000                 0
  -82.8687134         35.7668800         0.00000000                 0
  -82.8633347         35.7662964         0.00000000                 0
  -82.8587494         35.7665062         0.00000000                 0
  -82.8520966         35.7669296         0.00000000                 0
  -82.8755875         35.7710762         0.00000000                 0
  -82.8689499         35.7711601         0.00000000                 0
  -82.8634949         35.7720795         0.00000000                 0
  -82.8591080         35.7704506         0.00000000                 0
  -82.8530655         35.7712746         0.00000000                 0
  -82.8741837         35.7751999         0.00000000                 0
  -82.8685303         35.7749977         0.00000000                 0
  -82.8643265         35.7752266         0.00000000                 0
  -82.8587952         35.7755013         0.00000000                 0
  -82.8527603         35.7755051         0.00000000                 0
  -82.8753662         35.7791977         0.00000000                 0
  -82.8683014         35.7789383         0.00000000                 0
  -82.8642120         35.7795753         0.00000000                 0
  -82.8591080         35.7803879         0.00000000                 0
  -82.8539581         35.7801781         0.00000000                 0
  -82.8736115         35.7624054         0.00000000                 0
  -82.8679657         35.7629433         0.00000000                 0
  -82.8638840         35.7621536         0.00000000                 0
  -82.8575287         35.7630539         0.00000000                 0
  -82.8522339         35.7620888         0.00000000                 0
  -82.8746262         35.7662354         0.00000000                 0
  -82.8697739         35.7664413         0.00000000                 0
  -82.8639984         35.7664757         0.00000000                 0
  -82.8583298         35.7668114         0.00000000                 0
  -82.8527679         35.7665787         0.00000000                 0
  -82.8748322         35.7703438         0.00000000                 0
  -82.8690109         35.7718430         0.00000000                 0
  -82.8633041         35.7709732         0.00000000                 0
  -82.8579178         35.7708473         0.00000000                 0
  -82.8526154         35.7704506         0.00000000                 0
  -82.8740082         35.7747536         0.00000000                 0
  -82.8682632         35.7747154         0.00000000                 0
  -82.8635483         35.7745667         0.00000000                 0
  -82.8589401         35.7757835         0.00000000                 0
  -82.8533936         35.7751656         0.00000000                 0
  -82.8739166         35.7788887         0.00000000                 0
  -82.8689270         35.7789993         0.00000000                 0
  -82.8634186         35.7798080         0.00000000                 0
  -82.8590240         35.7790680         0.00000000                 0
  -82.8533859         35.7789917         0.00000000                 0
  -82.8744812         35.7621002         0.00000000                 0
  -82.8680649         35.7625618         0.00000000                 0
  -82.8632965         35.7628250         0.00000000                 0
  -82.8576584         35.7629013         0.00000000                 0
  -82.8523712         35.7630043         0.00000000                 0
  -82.8744431         35.7663307         0.00000000                 0
  -82.8677979         35.7666588         0.00000000                 0
  -82.8636398         35.7672272         0.00000000                 0
  -82.8574371         35.7664490         0.00000000                 0
  -82.8533096         35.7668648         0.00000000                 0
  -82.8738327         35.7704468         0.00000000                 0
  -82.8690948         35.7702789         0.00000000                 0
  -82.8635178         35.7709961         0.00000000                 0
  -82.8590012         35.7710686         0.00000000                 0
  -82.8540649         35.7706871         0.00000000                 0
  -82.8732834         35.7751198         0.00000000                 0
  -82.8693466         35.7752113         0.00000000                 0
  -82.8638153         35.7751274         0.00000000                 0
  -82.8582535         35.7755585         0.00000000                 0
  -82.8525009         35.7755318         0.00000000                 0
  -82.8735504         35.7793655         0.00000000                 0
  -82.8687363         35.7794838         0.00000000                 0
  -82.8635330         35.7790222         0.00000000                 0
  -82.8580856         35.7793579         0.00000000                 0
  -82.8537445         35.7801666         0.00000000                 0
  -82.8734131         35.7623863         0.00000000                 0
  -82.8682709         35.7621002         0.00000000                 0
  -82.8636475         35.7625465         0.00000000                 0
  -82.8583908         35.7622643         0.00000000                 0
  -82.8524399         35.7624702         0.00000000                 0
  -82.8737640         35.7667809         0.00000000                 0
  -82.8692780         35.7667389         0.00000000                 0
  -82.8628693         35.7666702         0.00000000                 0
  -82.8571930         35.7660522         0.00000000                 0
  -82.8534851         35.7669678         0.00000000                 0
  -82.8734894         35.7710266         0.00000000                 0
  -82.8686981         35.7712250         0.00000000                 0
  -82.8636322         35.7712097         0.00000000                 0
  -82.8575516         35.7705727         0.00000000                 0
  -82.8537903         35.7721100         0.00000000                 0
  -82.8746262         35.7748260         0.00000000                 0
  -82.8695450         35.7749901         0.00000000                 0
  -82.8628387         35.7756653         0.00000000                 0
  -82.8582764         35.7757111         0.00000000                 0
  -82.8529282         35.7748566         0.00000000                 0
  -82.8748550         35.7796097         0.00000000                 0
  -82.8692551         35.7789116         0.00000000                 0
  -82.8639297         35.7800026         0.00000000                 0
  -82.8576660         35.7790718         0.00000000                 0
  -82.8534546         35.7795944         0.00000000                 0
  -82.8734131         35.7625389         0.00000000                 0
  -82.8693619         35.7623138         0.00000000                 0
  -82.8636398         35.7620125         0.00000000                 0
  -82.8569870         35.7631874         0.00000000                 0
  -82.8527756         35.7623634         0.00000000                 0
  -82.8739166         35.7671928         0.00000000                 0
  -82.8686981         35.7668114         0.00000000                 0
  -82.8633118         35.7675781         0.00000000                 0
  -82.8586731         35.7660751         0.00000000                 0
  -82.8536530         35.7672577         0.00000000                 0
  -82.8738785         35.7715034         0.00000000                 0
  -82.8694382         35.7708473         0.00000000                 0
  -82.8630295         35.7710953         0.00000000                 0
  -82.8583145         35.7713013         0.00000000                 0
  -82.8527451         35.7712326         0.00000000                 0
  -82.8746872         35.7753639         0.00000000                 0
  -82.8686829         35.7755432         0.00000000                 0
  -82.8634033         35.7758102         0.00000000                 0
  -82.8586884         35.7751770         0.00000000                 0
  -82.8532257         35.7755890         0.00000000                 0
  -82.8741150         35.7801971         0.00000000                 0
  -82.8691330         35.7795219         0.00000000                 0
  -82.8645172         35.7795105         0.00000000                 0
  -82.8593521         35.7802238         0.00000000                 0
  -82.8532333         35.7790871         0.00000000                 0
  -82.8737411         35.7624321         0.00000000                 0
  -82.8686600         35.7620811         0.00000000                 0
  -82.8623428         35.7630920         0.00000000                 0
  -82.8580246         35.7633400         0.00000000                 0
  -82.8523941         35.7630997         0.00000000                 0
  -82.8742905         35.7672272         0.00000000                 0
  -82.8687515         35.7669716         0.00000000                 0
  -82.8641357         35.7666473         0.00000000                 0
  -82.8574829         35.7673378         0.00000000                 0
  -82.8511200         35.7662773         0.00000000                 0
  -82.8747482         35.7709579         0.00000000                 0
  -82.8689957         35.7712059         0.00000000                 0
  -82.8641968         35.7707138         0.00000000                 0
  -82.8587036         35.7715340         0.00000000                 0
  -82.8525085         35.7717743         0.00000000                 0
  -82.8750000         35.7756805         0.00000000                 0
  -82.8689575         35.7752457         0.00000000                 0
  -82.8640518         35.7758141         0.00000000                 0
  -82.8584137         35.7753067         0.00000000                 0
  -82.8529129         35.7761040         0.00000000                 0
  -82.8744049         35.7798500         0.00000000                 0
  -82.8691864         35.7795296         0.00000000                 0
  -82.8639145         35.7800522         0.00000000                 0
  -82.8584137         35.7794418         0.00000000                 0
  -82.8529053         35.7799187         0.00000000                 0
  -82.8734589         35.7622147         0.00000000                 0
  -82.8683243         35.7632599         0.00000000                 0
  -82.8634338         35.7629890         0.00000000                 0
  -82.8577347         35.7627907         0.00000000                 0
  -82.8530350         35.7627945         0.00000000                 0
  -82.8740158         35.7666702         0.00000000                 0
  -82.8627472         35.7666969         0.00000000                 0
  -82.8572311         35.7669983         0.00000000                 0
  -82.8526001         35.7669296         0.00000000                 0
  -82.8742142         35.7709236         0.00000000                 0
  -82.8701324         35.7717667         0.00000000                 0
  -82.8640289         35.7723160         0.00000000                 0
  -82.8584595         35.7709923         0.00000000                 0
  -82.8518677         35.7715340         0.00000000                 0
  -82.8742676         35.7748985         0.00000000                 0
  -82.8690948         35.7758980         0.00000000                 0
  -82.8639832         35.7758369         0.00000000                 0
  -82.8525543         35.7762070         0.00000000                 0
  -82.8745651         35.7801399         0.00000000                 0
  -82.8683090         35.7801628         0.00000000                 0
  -82.8638153         35.7805519         0.00000000                 0
  -82.8583527         35.7797089         0.00000000                 0
  -82.8523865         35.7804604         0.00000000                 0
  -82.8739243         35.7627907         0.00000000                 0
  -82.8686371         35.7630920         0.00000000                 0
  -82.8632202         35.7633820         0.00000000                 0
  -82.8586731         35.7628975         0.00000000                 0
  -82.8530502         35.7635155         0.00000000                 0
  -82.8739395         35.7666626         0.00000000                 0
  -82.8692551         35.7675972         0.00000000                 0
  -82.8642883         35.7669525         0.00000000                 0
  -82.8576126         35.7675285         0.00000000                 0
  -82.8527069         35.7680588         0.00000000                 0
  -82.8742828         35.7708092         0.00000000                 0
  -82.8686752         35.7714729         0.00000000                 0
  -82.8634567         35.7712822         0.00000000                 0
  -82.8575821         35.7709770         0.00000000                 0
  -82.8527374         35.7713623         0.00000000                 0
  -82.8736267         35.7765083         0.00000000                 0
  -82.8679504         35.7758675         0.00000000                 0
  -82.8636856         35.7753716         0.00000000                 0
  -82.8582230         35.7758331         0.00000000                 0
  -82.8531952         35.7759743         0.00000000                 0
  -82.8748245         35.7797661         0.00000000                 0
  -82.8693848         35.7800827         0.00000000                 0
  -82.8644333         35.7796440         0.00000000                 0
  -82.8575821         35.7802467         0.00000000                 0
  -82.8518677         35.7797623         0.00000000                 0
  -82.8741608         35.7624092         0.00000000                 0
  -82.8686371         35.7632866         0.00000000                 0
  -82.8632965         35.7623940         0.00000000                 0
  -82.8579254         35.7630424         0.00000000                 0
  -82.8525238         35.7629471         0.00000000                 0
  -82.8737411         35.7670555         0.00000000                 0
  -82.8689270         35.7671051         0.00000000                 0
  -82.8632202         35.7668114         0.00000000                 0
  -82.8579636         35.7677612         0.00000000                 0
  -82.8522644         35.7672920         0.00000000                 0
  -82.8741760         35.7712479         0.00000000                 0
  -82.8685150         35.7714157         0.00000000                 0
  -82.8634872         35.7707977         0.00000000                 0
  -82.8583145         35.7715378         0.00000000                 0
  -82.8530807         35.7710571         0.00000000                 0
  -82.8741150         35.7760811         0.00000000                 0
  -82.8686752         35.7760162         0.00000000                 0
  -82.8640518         35.7756882         0.00000000                 0
  -82.8585281         35.7757111         0.00000000                 0
  -82.8534470         35.7753906         0.00000000                 0
  -82.8745041         35.7794800         0.00000000                 0
  -82.8691025         35.7803192         0.00000000                 0
  -82.8634796         35.7800865         0.00000000                 0
  -82.8580780         35.7805977         0.00000000                 0
  -82.8526535         35.7803841         0.00000000                 0
  -82.8744507         35.7621040         0.00000000                 0
  -82.8686600         35.7622299         0.00000000                 0
  -82.8635025         35.7626724         0.00000000                 0
  -82.8572922         35.7630386         0.00000000                 0
  -82.8527908         35.7624054         0.00000000                 0
  -82.8730621         35.7672462         0.00000000                 0
  -82.8683472         35.7674294         0.00000000                 0
  -82.8638916         35.7662277         0.00000000                 0
  -82.8576965         35.7678299         0.00000000                 0
  -82.8525314         35.7675819         0.00000000                 0
  -82.8742905         35.7717743         0.00000000                 0
  -82.8685989         35.7712593         0.00000000                 0
  -82.8625107         35.7718010         0.00000000                 0
  -82.8587494         35.7715073         0.00000000                 0
  -82.8534698         35.7719650         0.00000000                 0
  -82.8742447         35.7752953         0.00000000                 0
  -82.8688126         35.7761002         0.00000000                 0
  -82.8627853         35.7762985         0.00000000                 0
  -82.8581085         35.7758484         0.00000000                 0
  -82.8533707         35.7760201         0.00000000                 0
  -82.8757629         35.7802010         0.00000000                 0
  -82.8688049         35.7797623         0.00000000                 0
  -82.8588943         35.7800255         0.00000000                 0
  -82.8741837         35.7629967         0.00000000                 0
  -82.8684540         35.7630539         0.00000000                 0
  -82.8634796         35.7630615         0.00000000                 0
  -82.8574066         35.7624397         0.00000000                 0
  -82.8515854         35.7629585         0.00000000                 0
  -82.8733902         35.7666359         0.00000000                 0
  -82.8634109         35.7670250         0.00000000                 0
  -82.8579407         35.7675629         0.00000000                 0
  -82.8521652         35.7674904         0.00000000                 0
  -82.8741150         35.7718925         0.00000000                 0
  -82.8689346         35.7716637         0.00000000                 0
  -82.8627167         35.7715340         0.00000000                 0
  -82.8575211         35.7717133         0.00000000                 0
  -82.8527145         35.7717247         0.00000000                 0
  -82.8739090         35.7752838         0.00000000                 0
  -82.8688278         35.7759323         0.00000000                 0
  -82.8638535         35.7757912         0.00000000                 0
  -82.8584442         35.7752686         0.00000000                 0
  -82.8534546         35.7758255         0.00000000                 0
  -82.8738861         35.7794151         0.00000000                 0
  -82.8640594         35.7803612         0.00000000                 0
  -82.8578110         35.7797623         0.00000000                 0
  -82.8537598         35.7812691         0.00000000                 0
  -82.8742828         35.7631950         0.00000000                 0
  -82.8690338         35.7630768         0.00000000                 0
  -82.8635178         35.7630234         0.00000000                 0
  -82.8573074         35.7631874         0.00000000                 0
  -82.8521881         35.7631302         0.00000000                 0
  -82.8741837         35.7670822         0.00000000                 0
  -82.8687897         35.7670784         0.00000000                 0
  -82.8630371         35.7670898         0.00000000                 0
  -82.8521957         35.7678642         0.00000000                 0
  -82.8744125         35.7717857         0.00000000                 0
  -82.8683929         35.7719154         0.00000000                 0
  -82.8633423         35.7715492         0.00000000                 0
  -82.8577728         35.7718735         0.00000000                 0
  -82.8540421         35.7716446         0.00000000                 0
  -82.8737411         35.7766113         0.00000000                 0
  -82.8688049         35.7755775         0.00000000                 0
  -82.8632889         35.7760239         0.00000000                 0
  -82.8581619         35.7759018         0.00000000                 0
  -82.8529816         35.7760124         0.00000000                 0
  -82.8736954         35.7806053         0.00000000                 0
  -82.8688583         35.7801437         0.00000000                 0
  -82.8628616         35.7806320         0.00000000                 0
  -82.8587494         35.7806473         0.00000000                 0
  -82.8522034         35.7806625         0.00000000                 0
  -82.8738708         35.7630386         0.00000000                 0
  -82.8682785         35.7625198         0.00000000                 0
  -82.8630371         35.7634468         0.00000000                 0
  -82.8580933         35.7631912         0.00000000                 0
  -82.8529663         35.7630844         0.00000000                 0
  -82.8736954         35.7669411         0.00000000                 0
  -82.8691101         35.7672768         0.00000000                 0
  -82.8634491         35.7673836         0.00000000                 0
  -82.8575745         35.7675819         0.00000000                 0
  -82.8526077         35.7674026         0.00000000                 0
  -82.8738251         35.7718544         0.00000000                 0
  -82.8685608         35.7718887         0.00000000                 0
  -82.8629761         35.7719269         0.00000000                 0
  -82.8584290         35.7715073         0.00000000                 0
  -82.8528214         35.7717323         0.00000000                 0
  -82.8741760         35.7759781         0.00000000                 0
  -82.8690567         35.7763405         0.00000000                 0
  -82.8622818         35.7763710         0.00000000                 0
  -82.8581619         35.7763748         0.00000000                 0
  -82.8528519         35.7759056         0.00000000                 0
  -82.8741074         35.7796555         0.00000000                 0
  -82.8690414         35.7802010         0.00000000                 0
  -82.8639755         35.7808800         0.00000000                 0
  -82.8585968         35.7799873         0.00000000                 0
  -82.8533936         35.7806854         0.00000000                 0
  -82.8730316         35.7630768         0.00000000                 0
  -82.8684616         35.7637672         0.00000000                 0
  -82.8631821         35.7633324         0.00000000                 0
  -82.8576202         35.7633438         0.00000000                 0
  -82.8524551         35.7636490         0.00000000                 0
  -82.8739471         35.7678528         0.00000000                 0
  -82.8683777         35.7669945         0.00000000                 0
  -82.8633499         35.7678757         0.00000000                 0
  -82.8579788         35.7677994         0.00000000                 0
  -82.8535156         35.7672920         0.00000000                 0
  -82.8739548         35.7716217         0.00000000                 0
  -82.8689041         35.7719383         0.00000000                 0
  -82.8634262         35.7719345         0.00000000                 0
  -82.8577423         35.7718010         0.00000000                 0
  -82.8526535         35.7723503         0.00000000                 0
  -82.8740082         35.7758179         0.00000000                 0
  -82.8691177         35.7759056         0.00000000                 0
  -82.8634949         35.7760544         0.00000000                 0
  -82.8579178         35.7764740         0.00000000                 0
  -82.8535309         35.7760811         0.00000000                 0
  -82.8745880         35.7805557         0.00000000                 0
  -82.8686905         35.7798271         0.00000000                 0
  -82.8630600         35.7802391         0.00000000                 0
  -82.8592377         35.7803612         0.00000000                 0
  -82.8524628         35.7795792         0.00000000                 0
  -82.8737946         35.7627029         0.00000000                 0
  -82.8685608         35.7627487         0.00000000                 0
  -82.8634491         35.7630692         0.00000000                 0
  -82.8573303         35.7632751         0.00000000                 0
  -82.8524780         35.7632904         0.00000000                 0
  -82.8735123         35.7669525         0.00000000                 0
  -82.8682251         35.7673721         0.00000000                 0
  -82.8636169         35.7674332         0.00000000                 0
  -82.8581314         35.7677040         0.00000000                 0
  -82.8523712         35.7678833         0.00000000                 0
  -82.8741760         35.7714958         0.00000000                 0
  -82.8685226         35.7713013         0.00000000                 0
  -82.8629837         35.7714691         0.00000000                 0
  -82.8581238         35.7716827         0.00000000                 0
  -82.8522263         35.7715759         0.00000000                 0
  -82.8740311         35.7758598         0.00000000                 0
  -82.8694839         35.7762642         0.00000000                 0
  -82.8628540         35.7766724         0.00000000                 0
  -82.8580399         35.7764969         0.00000000                 0
  -82.8528214         35.7761040         0.00000000                 0
  -82.8738785         35.7803688         0.00000000                 0
  -82.8690872         35.7807617         0.00000000                 0
  -82.8635635         35.7801743         0.00000000                 0
  -82.8588715         35.7809143         0.00000000                 0
  -82.8528519         35.7807465         0.00000000                 0
  -82.8740158         35.7630081         0.00000000                 0
  -82.8690491         35.7633705         0.00000000                 0
  -82.8636017         35.7636070         0.00000000                 0
  -82.8577652         35.7632980         0.00000000                 0
  -82.8523331         35.7638321         0.00000000                 0
  -82.8736649         35.7673416         0.00000000                 0
  -82.8686600         35.7669983         0.00000000                 0
  -82.8626862         35.7677917         0.00000000                 0
  -82.8580704         35.7674370         0.00000000                 0
  -82.8521271         35.7677689         0.00000000                 0
  -82.8738480         35.7715645         0.00000000                 0
  -82.8687210         35.7719688         0.00000000                 0
  -82.8629227         35.7719269         0.00000000                 0
  -82.8581848         35.7721291         0.00000000                 0
  -82.8523941         35.7721863         0.00000000                 0
  -82.8739395         35.7762108         0.00000000                 0
  -82.8691635         35.7762833         0.00000000                 0
  -82.8636246         35.7757149         0.00000000                 0
  -82.8587799         35.7761536         0.00000000                 0
  -82.8532639         35.7759857         0.00000000                 0
  -82.8741074         35.7801247         0.00000000                 0
  -82.8696442         35.7808990         0.00000000                 0
  -82.8630600         35.7805939         0.00000000                 0
  -82.8581085         35.7809181         0.00000000                 0
  -82.8527222         35.7809906         0.00000000                 0
  -82.8736420         35.7632980         0.00000000                 0
  -82.8686218         35.7632637         0.00000000                 0
  -82.8633041         35.7627144         0.00000000                 0
  -82.8572769         35.7629776         0.00000000                 0
  -82.8524780         35.7628174         0.00000000                 0
  -82.8741531         35.7675819         0.00000000                 0
  -82.8689117         35.7670212         0.00000000                 0
  -82.8633957         35.7674255         0.00000000                 0
  -82.8579559         35.7673531         0.00000000                 0
  -82.8529053         35.7682838         0.00000000                 0
  -82.8740387         35.7720985         0.00000000                 0
  -82.8689041         35.7718620         0.00000000                 0
  -82.8633499         35.7718315         0.00000000                 0
  -82.8576126         35.7722931         0.00000000                 0
  -82.8525848         35.7719345         0.00000000                 0
  -82.8741989         35.7760925         0.00000000                 0
  -82.8684998         35.7764626         0.00000000                 0
  -82.8626328         35.7763824         0.00000000                 0
  -82.8575592         35.7764893         0.00000000                 0
  -82.8528214         35.7765160         0.00000000                 0
  -82.8740921         35.7810555         0.00000000                 0
  -82.8684845         35.7806015         0.00000000                 0
  -82.8636475         35.7806244         0.00000000                 0
  -82.8583603         35.7811852         0.00000000                 0
  -82.8527374         35.7808037         0.00000000                 0
  -82.8737869         35.7636452         0.00000000                 0
  -82.8677826         35.7638016         0.00000000                 0
  -82.8627319         35.7631798         0.00000000                 0
  -82.8576050         35.7638397         0.00000000                 0
  -82.8521423         35.7637062         0.00000000                 0
  -82.8739471         35.7675018         0.00000000                 0
  -82.8683395         35.7674217         0.00000000                 0
  -82.8627548         35.7678909         0.00000000                 0
  -82.8582230         35.7680206         0.00000000                 0
  -82.8526840         35.7681007         0.00000000                 0
  -82.8739166         35.7723389         0.00000000                 0
  -82.8686371         35.7721405         0.00000000                 0
  -82.8639221         35.7723465         0.00000000                 0
  -82.8579636         35.7722855         0.00000000                 0
  -82.8521042         35.7727165         0.00000000                 0
  -82.8738556         35.7762108         0.00000000                 0
  -82.8683548         35.7761269         0.00000000                 0
  -82.8634186         35.7764702         0.00000000                 0
  -82.8575287         35.7766495         0.00000000                 0
  -82.8524704         35.7767181         0.00000000                 0
  -82.8740845         35.7801857         0.00000000                 0
  -82.8685532         35.7806206         0.00000000                 0
  -82.8637848         35.7806396         0.00000000                 0
  -82.8581924         35.7809753         0.00000000                 0
  -82.8530121         35.7806320         0.00000000                 0
  -82.8737564         35.7632294         0.00000000                 0
  -82.8682098         35.7630577         0.00000000                 0
  -82.8626862         35.7635460         0.00000000                 0
  -82.8571472         35.7632828         0.00000000                 0
  -82.8527756         35.7637596         0.00000000                 0
  -82.8740387         35.7677498         0.00000000                 0
  -82.8684158         35.7679367         0.00000000                 0
  -82.8631744         35.7680740         0.00000000                 0
  -82.8577881         35.7676201         0.00000000                 0
  -82.8525391         35.7683411         0.00000000                 0
  -82.8738708         35.7722435         0.00000000                 0
  -82.8686676         35.7723656         0.00000000                 0
  -82.8631439         35.7725792         0.00000000                 0
  -82.8582306         35.7720451         0.00000000                 0
  -82.8523254         35.7722473         0.00000000                 0
  -82.8734589         35.7769737         0.00000000                 0
  -82.8684998         35.7765427         0.00000000                 0
  -82.8639069         35.7760391         0.00000000                 0
  -82.8579712         35.7764664         0.00000000                 0
  -82.8528061         35.7764359         0.00000000                 0
  -82.8734360         35.7805252         0.00000000                 0
  -82.8689194         35.7806473         0.00000000                 0
  -82.8626175         35.7806549         0.00000000                 0
  -82.8575745         35.7809105         0.00000000                 0
  -82.8533173         35.7813568         0.00000000                 0
  -82.8730392         35.7634850         0.00000000                 0
  -82.8679581         35.7638817         0.00000000                 0
  -82.8632507         35.7635574         0.00000000                 0
  -82.8573837         35.7636871         0.00000000                 0
  -82.8524551         35.7639389         0.00000000                 0
  -82.8734665         35.7677765         0.00000000                 0
  -82.8683014         35.7676201         0.00000000                 0
  -82.8638382         35.7681351         0.00000000                 0
  -82.8582306         35.7678680         0.00000000                 0
  -82.8522720         35.7679520         0.00000000                 0
  -82.8733673         35.7717323         0.00000000                 0
  -82.8681183         35.7723999         0.00000000                 0
  -82.8639069         35.7724571         0.00000000                 0
  -82.8578110         35.7724037         0.00000000                 0
  -82.8523560         35.7725220         0.00000000                 0
  -82.8737717         35.7763100         0.00000000                 0
  -82.8683777         35.7766533         0.00000000                 0
  -82.8635635         35.7764244         0.00000000                 0
  -82.8580475         35.7761192         0.00000000                 0
  -82.8524323         35.7768669         0.00000000                 0
  -82.8737946         35.7804222         0.00000000                 0
  -82.8690262         35.7807579         0.00000000                 0
  -82.8629761         35.7813225         0.00000000                 0
  -82.8578644         35.7808495         0.00000000                 0
  -82.8527374         35.7811165         0.00000000                 0
  -82.8737640         35.7636986         0.00000000                 0
  -82.8685150         35.7636223         0.00000000                 0
  -82.8628159         35.7639771         0.00000000                 0
  -82.8580322         35.7640839         0.00000000                 0
  -82.8512726         35.7638741         0.00000000                 0
  -82.8735123         35.7675552         0.00000000                 0
  -82.8684311         35.7675133         0.00000000                 0
  -82.8628387         35.7685013         0.00000000                 0
  -82.8578110         35.7685776         0.00000000                 0
  -82.8525772         35.7679062         0.00000000                 0
  -82.8734131         35.7720299         0.00000000                 0
  -82.8680115         35.7728920         0.00000000                 0
  -82.8636475         35.7724953         0.00000000                 0
  -82.8579559         35.7724800         0.00000000                 0
  -82.8519058         35.7727928         0.00000000                 0
  -82.8739700         35.7761879         0.00000000                 0
  -82.8684845         35.7761574         0.00000000                 0
  -82.8633957         35.7772293         0.00000000                 0
  -82.8581161         35.7767868         0.00000000                 0
  -82.8528290         35.7768784         0.00000000                 0
  -82.8738556         35.7809410         0.00000000                 0
  -82.8687897         35.7807198         0.00000000                 0
  -82.8630371         35.7811241         0.00000000                 0
  -82.8574066         35.7809029         0.00000000                 0
  -82.8524704         35.7813644         0.00000000                 0
  -82.8731613         35.7640495         0.00000000                 0
  -82.8677216         35.7635689         0.00000000                 0
  -82.8627472         35.7639656         0.00000000                 0
  -82.8572922         35.7635345         0.00000000                 0
  -82.8522034         35.7640610         0.00000000                 0
  -82.8737564         35.7679138         0.00000000                 0
  -82.8681870         35.7680588         0.00000000                 0
  -82.8633881         35.7681389         0.00000000                 0
  -82.8575974         35.7687759         0.00000000                 0
  -82.8524094         35.7682610         0.00000000                 0
  -82.8740311         35.7718964         0.00000000                 0
  -82.8688889         35.7724609         0.00000000                 0
  -82.8628540         35.7722511         0.00000000                 0
  -82.8581772         35.7729034         0.00000000                 0
  -82.8525620         35.7726822         0.00000000                 0
  -82.8737411         35.7766800         0.00000000                 0
  -82.8687134         35.7770615         0.00000000                 0
  -82.8636932         35.7764854         0.00000000                 0
  -82.8571167         35.7773018         0.00000000                 0
  -82.8524399         35.7771645         0.00000000                 0
  -82.8734741         35.7810860         0.00000000                 0
  -82.8687210         35.7814980         0.00000000                 0
  -82.8625183         35.7812386         0.00000000                 0
  -82.8578262         35.7814369         0.00000000                 0
  -82.8525696         35.7817574         0.00000000                 0
  -82.8735580         35.7641640         0.00000000                 0
  -82.8682098         35.7641525         0.00000000                 0
  -82.8633423         35.7638397         0.00000000                 0
  -82.8574295         35.7641411         0.00000000                 0
  -82.8521957         35.7642326         0.00000000                 0
  -82.8730850         35.7682037         0.00000000                 0
  -82.8682404         35.7679253         0.00000000                 0
  -82.8630829         35.7679405         0.00000000                 0
  -82.8578873         35.7683754         0.00000000                 0
  -82.8523788         35.7684860         0.00000000                 0
  -82.8737259         35.7727165         0.00000000                 0
  -82.8685455         35.7724457         0.00000000                 0
  -82.8632584         35.7723656         0.00000000                 0
  -82.8572845         35.7724457         0.00000000                 0
  -82.8521271         35.7724457         0.00000000                 0
  -82.8735352         35.7766151         0.00000000                 0
  -82.8685608         35.7773476         0.00000000                 0
  -82.8630447         35.7768059         0.00000000                 0
  -82.8576813         35.7767143         0.00000000                 0
  -82.8527527         35.7771873         0.00000000                 0
  -82.8732452         35.7810249         0.00000000                 0
  -82.8686600         35.7810097         0.00000000                 0
  -82.8635635         35.7816582         0.00000000                 0
  -82.8578644         35.7814178         0.00000000                 0
  -82.8520203         35.7813988         0.00000000                 0
  -82.8731384         35.7641525         0.00000000                 0
  -82.8678131         35.7635918         0.00000000                 0
  -82.8621902         35.7640114         0.00000000                 0
  -82.8566513         35.7639122         0.00000000                 0
  -82.8523254         35.7640190         0.00000000                 0
  -82.8734512         35.7683067         0.00000000                 0
  -82.8682327         35.7684097         0.00000000                 0
  -82.8626862         35.7681808         0.00000000                 0
  -82.8575211         35.7686844         0.00000000                 0
  -82.8526077         35.7681160         0.00000000                 0
  -82.8732147         35.7723846         0.00000000                 0
  -82.8680801         35.7728157         0.00000000                 0
  -82.8630447         35.7724686         0.00000000                 0
  -82.8578339         35.7726326         0.00000000                 0
  -82.8521729         35.7731133         0.00000000                 0
  -82.8734283         35.7772217         0.00000000                 0
  -82.8682938         35.7769089         0.00000000                 0
  -82.8626328         35.7772331         0.00000000                 0
  -82.8582840         35.7774239         0.00000000                 0
  -82.8527527         35.7766800         0.00000000                 0
  -82.8742676         35.7809525         0.00000000                 0
  -82.8680878         35.7811623         0.00000000                 0
  -82.8631897         35.7812920         0.00000000                 0
  -82.8577423         35.7812538         0.00000000                 0
  -82.8525009         35.7812843         0.00000000                 0
  -82.8735352         35.7639389         0.00000000                 0
  -82.8681946         35.7642021         0.00000000                 0
  -82.8624420         35.7640991         0.00000000                 0
  -82.8577423         35.7642632         0.00000000                 0
  -82.8523178         35.7640877         0.00000000                 0
  -82.8732376         35.7683792         0.00000000                 0
  -82.8678970         35.7683372         0.00000000                 0
  -82.8627777         35.7682381         0.00000000                 0
  -82.8577957         35.7688255         0.00000000                 0
  -82.8519974         35.7686195         0.00000000                 0
  -82.8736877         35.7721710         0.00000000                 0
  -82.8684921         35.7727051         0.00000000                 0
  -82.8626099         35.7726135         0.00000000                 0
  -82.8575821         35.7725945         0.00000000                 0
  -82.8520432         35.7731361         0.00000000                 0
  -82.8741760         35.7767830         0.00000000                 0
  -82.8682175         35.7770271         0.00000000                 0
  -82.8629761         35.7768898         0.00000000                 0
  -82.8575897         35.7769356         0.00000000                 0
  -82.8522949         35.7771530         0.00000000                 0
  -82.8740082         35.7815475         0.00000000                 0
  -82.8682861         35.7813950         0.00000000                 0
  -82.8635025         35.7815895         0.00000000                 0
  -82.8577271         35.7816811         0.00000000                 0
  -82.8526840         35.7811584         0.00000000                 0
  -82.8736877         35.7636414         0.00000000                 0
  -82.8680267         35.7641068         0.00000000                 0
  -82.8625565         35.7643814         0.00000000                 0
  -82.8572006         35.7639809         0.00000000                 0
  -82.8515167         35.7641068         0.00000000                 0
  -82.8732452         35.7682991         0.00000000                 0
  -82.8678513         35.7683258         0.00000000                 0
  -82.8626862         35.7684708         0.00000000                 0
  -82.8576279         35.7688179         0.00000000                 0
  -82.8521194         35.7687988         0.00000000                 0
  -82.8732147         35.7724457         0.00000000                 0
  -82.8686829         35.7727776         0.00000000                 0
  -82.8626862         35.7727852         0.00000000                 0
  -82.8577881         35.7727852         0.00000000                 0
  -82.8521500         35.7731590         0.00000000                 0
  -82.8732224         35.7770615         0.00000000                 0
  -82.8682632         35.7768440         0.00000000                 0
  -82.8627014         35.7774658         0.00000000                 0
  -82.8578339         35.7770958         0.00000000                 0
  -82.8524399         35.7771149         0.00000000                 0
  -82.8737640         35.7817307         0.00000000                 0
  -82.8685150         35.7812271         0.00000000                 0
  -82.8631897         35.7817802         0.00000000                 0
  -82.8575592         35.7817421         0.00000000                 0
  -82.8526840         35.7819939         0.00000000                 0
  -82.8733597         35.7643929         0.00000000                 0
  -82.8679352         35.7642136         0.00000000                 0
  -82.8629456         35.7642059         0.00000000                 0
  -82.8571091         35.7642708         0.00000000                 0
  -82.8520432         35.7641869         0.00000000                 0
  -82.8733521         35.7687111         0.00000000                 0
  -82.8685684         35.7686386         0.00000000                 0
  -82.8629303         35.7685013         0.00000000                 0
  -82.8575134         35.7685051         0.00000000                 0
  -82.8521423         35.7687645         0.00000000                 0
  -82.8734283         35.7725258         0.00000000                 0
  -82.8684082         35.7730675         0.00000000                 0
  -82.8630524         35.7728729         0.00000000                 0
  -82.8573227         35.7729378         0.00000000                 0
  -82.8523026         35.7728691         0.00000000                 0
  -82.8734360         35.7770805         0.00000000                 0
  -82.8685074         35.7771873         0.00000000                 0
  -82.8632736         35.7773438         0.00000000                 0
  -82.8577194         35.7771416         0.00000000                 0
  -82.8523331         35.7772064         0.00000000                 0
  -82.8737793         35.7815666         0.00000000                 0
  -82.8685608         35.7814598         0.00000000                 0
  -82.8630829         35.7819328         0.00000000                 0
  -82.8573151         35.7820206         0.00000000                 0
  -82.8525162         35.7818527         0.00000000                 0
  -82.8732834         35.7641792         0.00000000                 0
  -82.8682327         35.7643280         0.00000000                 0
  -82.8626251         35.7643509         0.00000000                 0
  -82.8574295         35.7644615         0.00000000                 0
  -82.8520203         35.7644844         0.00000000                 0
  -82.8735657         35.7687187         0.00000000                 0
  -82.8682632         35.7687492         0.00000000                 0
  -82.8627167         35.7688217         0.00000000                 0
  -82.8576660         35.7685089         0.00000000                 0
  -82.8525085         35.7687454         0.00000000                 0
  -82.8733368         35.7727509         0.00000000                 0
  -82.8681793         35.7732506         0.00000000                 0
  -82.8628082         35.7730103         0.00000000                 0
  -82.8572998         35.7731323         0.00000000                 0
  -82.8524780         35.7729607         0.00000000                 0
  -82.8736115         35.7769928         0.00000000                 0
  -82.8681335         35.7771988         0.00000000                 0
  -82.8631821         35.7773628         0.00000000                 0
  -82.8574371         35.7772675         0.00000000                 0
  -82.8521118         35.7775116         0.00000000                 0
  -82.8737640         35.7813339         0.00000000                 0
  -82.8683090         35.7815819         0.00000000                 0
  -82.8629837         35.7817383         0.00000000                 0
  -82.8579102         35.7816315         0.00000000                 0
  -82.8527145         35.7821579         0.00000000                 0
  -82.8731613         35.7641449         0.00000000                 0
  -82.8678284         35.7642670         0.00000000                 0
  -82.8628311         35.7644272         0.00000000                 0
  -82.8574829         35.7645721         0.00000000                 0
  -82.8516998         35.7646828         0.00000000                 0
  -82.8732758         35.7685852         0.00000000                 0
  -82.8682098         35.7685966         0.00000000                 0
  -82.8629150         35.7687378         0.00000000                 0
  -82.8571854         35.7690887         0.00000000                 0
  -82.8521652         35.7689857         0.00000000                 0
  -82.8735809         35.7728996         0.00000000                 0
  -82.8679276         35.7727737         0.00000000                 0
  -82.8626251         35.7730293         0.00000000                 0
  -82.8576736         35.7732162         0.00000000                 0
  -82.8523178         35.7731743         0.00000000                 0
  -82.8735809         35.7773743         0.00000000                 0
  -82.8684921         35.7775764         0.00000000                 0
  -82.8628387         35.7772484         0.00000000                 0
  -82.8576660         35.7774200         0.00000000                 0
  -82.8522568         35.7775154         0.00000000                 0
  -82.8734131         35.7815361         0.00000000                 0
  -82.8682251         35.7814178         0.00000000                 0
  -82.8631210         35.7818718         0.00000000                 0
  -82.8576813         35.7816315         0.00000000                 0
  -82.8526840         35.7817421         0.00000000                 0
  -82.8733521         35.7643127         0.00000000                 0
  -82.8680344         35.7644653         0.00000000                 0
  -82.8625031         35.7644882         0.00000000                 0
  -82.8574753         35.7644424         0.00000000                 0
  -82.8521576         35.7646103         0.00000000                 0
  -82.8731537         35.7685928         0.00000000                 0
  -82.8679657         35.7688484         0.00000000                 0
  -82.8625717         35.7690239         0.00000000                 0
  -82.8576431         35.7691269         0.00000000                 0
  -82.8519897         35.7689667         0.00000000                 0
  -82.8733215         35.7728615         0.00000000                 0
  -82.8681030         35.7731094         0.00000000                 0
  -82.8627014         35.7732162         0.00000000                 0
  -82.8572464         35.7731857         0.00000000                 0
  -82.8522797         35.7734184         0.00000000                 0
  -82.8732147         35.7773056         0.00000000                 0
  -82.8682251         35.7774925         0.00000000                 0
  -82.8627396         35.7775459         0.00000000                 0
  -82.8577652         35.7778168         0.00000000                 0
  -82.8521423         35.7775764         0.00000000                 0
  -82.8734741         35.7816200         0.00000000                 0
  -82.8683701         35.7816887         0.00000000                 0
  -82.8629837         35.7818642         0.00000000                 0
  -82.8578796         35.7818336         0.00000000                 0
  -82.8524780         35.7819748         0.00000000                 0
  -82.8732147         35.7643700         0.00000000                 0
  -82.8680038         35.7645493         0.00000000                 0
  -82.8625641         35.7646561         0.00000000                 0
  -82.8573380         35.7645874         0.00000000                 0
  -82.8519211         35.7647438         0.00000000                 0
  -82.8733826         35.7687569         0.00000000                 0
  -82.8678513         35.7687874         0.00000000                 0
  -82.8626022         35.7688942         0.00000000                 0
  -82.8573074         35.7689438         0.00000000                 0
  -82.8519363         35.7689934         0.00000000                 0
  -82.8735428         35.7730560         0.00000000                 0
  -82.8680954         35.7729759         0.00000000                 0
  -82.8626633         35.7732773         0.00000000                 0
  -82.8573303         35.7732582         0.00000000                 0
  -82.8521271         35.7732391         0.00000000                 0
  -82.8736572         35.7773094         0.00000000                 0
  -82.8683167         35.7773132         0.00000000                 0
  -82.8627319         35.7774200         0.00000000                 0
  -82.8575897         35.7775650         0.00000000                 0
  -82.8522339         35.7775459         0.00000000                 0
  -82.8737335         35.7816849         0.00000000                 0
  -82.8684235         35.7817802         0.00000000                 0
  -82.8631210         35.7818336         0.00000000                 0
  -82.8576889         35.7819939         0.00000000                 0
  -82.8522797         35.7821121         0.00000000                 0
